258

58 297 62 80 79 28 3
271 172 244 83 2
147 30 151
96 63 27 29 84 9
258 254 238 16 9
22 17 77
17 0 4 56 128 4
241 59 96
141 39 204
199 238 16 25
58 144 62 80 76 6
164 3 211
86 231 71 67 12
85 68 146
265 266 9 17
242 60 38
92 72 118 7
240 129 90
9 4 139
236 80 76 13
9 158 57 18
271 100 90 44 11
177 98 118
187 61 140
134 42 130
114 65 62 80 76 4
73 108 115
96 63 36 77 16
248 85 101
248 246 245 100 12
94 23 100
49 119 100
17 73 84
265 262 283 46 8
86 86 179
114 202 238 16 8
58 59 133 32
147 281 282 107 15
187 188 35 47
256 20 78
171 188 35 12
73 75 72 118 1
152 80 76
98 128 129 13 27
73 75 185 96 1
51 52 124 17
207 200 175 176 134 3
110 176 134 15
17 14 50 33
49 36 77 26
147 281 280 58 5
265 266 146 21 5
269 29 64
116 56 113
58 83 16 54 7
92 145 22 32
43 44 57 31 18
140 229 228 227 41 17
116 120 64 46
160 161 102 4
58 57 31 43
86 231 69 40 10
92 90 74
68 43 72
98 103 87
92 93 91 121 2
35 224 37 33
24 127 267
256 255 74 16
85 91 121 4
212 209 201 223 25 14
279 163 161 102 11
152 132 188 35 5
114 113 19 99 1
258 255 74 9
108 221 34 41
152 132 19 99 5
207 115 95
7 95 82
119 4 56 128 20
77 125 62
147 281 282 280 58 1
290 60 283 46 12
190 191 6 10
85 261 273 45 1
212 189 188 35 20
207 200 252 251 55 2
235 233 20 18 151 223 25 15
92 91 121 32
137 136 201 223 25 17
218 276 38 39
190 24 88
149 66 55
171 276 38 22
141 131 204 227 41 22
24 198 63 7
32 3 38 36 77 18
152 132 157 117 17
53 87 119
32 123 75
290 289 8 38
165 89 61
67 182 181 75 21
134 135 111 37
171 72 118 26
279 181 75 9
73 74 72 118 4
37 36 77 28
17 0 90 44 3
50 115 120 117 273 45 4
50 130 114
50 115 120 64 8
7 48 4 56 128 12
109 263 253 250 91 17
235 233 150 148 81 13
108 48 93
114 65 91 121 4
152 217 2 43
160 74 94 29
73 74 94 21
177 5 255 148 81 2
171 101 70 41
265 170 178 106 7
171 181 75 25
292 260 8 110 16
67 69 40 15
73 252 251 250 91 4
279 163 104 19 7
292 14 50 19
124 93 116
86 16 54 28
240 129 13 25
235 18 141
49 52 124 4
103 15 55
43 71 67 14
147 281 227 41 14
274 62 57
292 113 92
114 202 93 56 128 2
137 116 55
137 136 201 227 41 5
58 83 16 176 134 1
256 254 255 74 16
168 122 119
140 7 96
287 132 134
290 262 29 84 8
73 252 251 55 35
141 130 122 52 124 14
171 262 286 47 8
279 120 77
166 82 151
17 157 117 33
292 150 148 81 7
92 93 56 128 7
218 71 118
73 252 250 91 7
58 144 62 80 79 28 12
177 176 134 40
143 144 62 219 221 34 5
258 254 255 74 6
58 297 117 273 45 27
96 80 76 35
141 131 214 283 46 7
258 49 75
292 260 238 16 5
86 194 33 32
24 184 183 12 35
96 63 264 126 5
37 0 121
73 72 118 11
119 5 149
177 5 57 31 3
164 162 161 102 35
85 154 71 67 22
143 27 59
137 136 223 25 2
109 72 176
147 146 21 41
207 200 262 283 46 1
50 100 90 44 3
114 65 62 219 221 34 2
77 62 80 76 4
271 270 78 5
265 79 81
35 69 57
195 92 37
22 89 90 44 3
279 102 104 19 23
199 109 72
51 11 98
164 161 102 15
76 270 78 13
6 8 110 5
103 104 19 1
51 217 2 15
274 11 36 23
199 198 63 39
96 95 276 38 6
292 260 272 270 78 11
50 52 124 17
212 104 81
82 264 126 31
299 105 79
149 148 81 12
279 280 58 15
58 170 178 106 24
164 30 53 37
17 16 176 134 26
110 114 106
187 101 70 23
236 88 90
94 186 188 35 3
177 173 176 134 30
50 100 101 70 41
160 112 138
177 5 255 74 4
290 101 99
76 51 82
7 8 110 10
207 200 262 286 47 29
265 170 250 91 3
265 262 29 84 13
171 185 96 35
187 192 191 6 19
82 84 52 39
152 132 13 16 54 10
177 131 214 283 46 2
43 10 43
218 11 36 20
73 90 44 47
147 71 67 5
149 244 83 7
265 170 158 57 11
265 264 126 9
7 48 72 118 3
248 264 126 14
242 244 83 9
241 281 227 41 5
141 204 227 41 4
82 19 99 13
271 97 79
68 69 40 7
96 14 84
298 65 69
6 131 82
41 1 64
207 200 69 40 6
73 75 74 94 5
51 198 63 13
103 105 104 19 4
67 26 89
103 247 245 100 30
265 146 21 11
287 289 8 31
114 32 70
279 163 27 29 84 1
